/home/allusers/obmen/Zyryanov/SpecialPoints/data/;
/home/allusers/obmen/Zyryanov/test_SpecialPoints_4.4_Cloud;
/home/allusers/obmen/Zyryanov/test_SpecialPoints_4.4/DataAerology;
21432
21824
21946
23078
23330
23472
23884
23955
24125
24266
24343
24507
24641
24688
24726
24817
24908
24944
24959
25123
25400
25703
25913
30054
30230
30309
30372
30554
30635
30673
30692
30715
30758
30935
30965
31004
31088
31168
31300
31329
31369
31510
31512
31538
31561
31736
31770
31873
31977
32061
32098
32150
32195
32215
32389
32477
32540
44212
44231
44259
44277
44288
44292
44352
44358
44373
47058
47122
47138
47401
47412
47420
47580
47582
47590
47600
47646
47678
47681
47741
47744
47778
47807
47827
47909
47918
47936
47945
47971
47991
50527
50557
50774
50953
53068
53463
53772
54102
54135
54161
54218
54292
54337
54342
54374
54497
54511
54662
54727
54857
57083
57127
57131
57447
57494
58027
58203
58238
58362
58606
58725
58847
58968
59134
59265
59316